10 16

1 西门

攀枝花学院是教育部布点在川西南、滇西北的一所以工为主的综合性普通本科院校，学校坐落于四川省攀枝花市。入选“教育部・中兴通讯ICT产教融合创新基地项目”第二批合作高校，是四川省知识产权优势培育单位、四川省首批激励科技人员创新创业改革试点高校、四川省职务科技成果权属混合所有制改革试点单位。



2 校史展览馆

记录学校走过的岁月，感受学校生命的历程。



3 会堂

是师生欢聚一堂的地方，可庄严，可活力。



4 图书馆

攀枝花学院图书馆始建于1984年。1994年攀枝花教育学院图书馆并入，1998年攀枝花卫校图书馆并入，2004年攀枝花市技工学校图书馆并入，2007年攀枝花学院西苑图书室建立，2015年学校档案馆与图书馆合并成立图书馆（档案馆、图情信息中心），2017年攀枝花学院东苑图书馆建立。图书馆总建筑面积18514平方米（不含档案馆），现有图书文献总量500.14万册，其中馆藏纸质图书145.80万册，电子图书354.34万册（截至统计时间：2019年12月31日），形成文、理、工、经、管、法、医相结合的、以工为主多学科协调发展的藏书体系。收藏《四库全书》、《毛泽东评点二十四史》等古籍图书5000册。订有纸质中外文期刊1068种，电子期刊35093种，中外文数据库34个。



5 运动场

所有校区中最大的运动场地，这里也是最活力的聚集地，清晨，傍晚，可跑步缓解压力，大家自信奔跑的模样就是青春的象征。



6 第二教学楼

最常用且年轻的教学楼，在最中心的位置，流量大。



7 第一教学楼

最古老的教学楼，明显会感觉到年代的气息。



8 篮球场

不论烈日还是寒冬都会看到篮球爱好者的身影挥洒汗水。



9 游泳馆

同学们夏天常去的地方，干净的水质，办理会员卡，放心告别酷夏。



10 学院超市

小型的暖心家，最长时间提供物质应援，是同学们生活的一部分。



0 1 220

0 2 310

0 3 430

1 3 220
 
2 3 110

2 9 567

3 4 430

3 5 330

4 6 240

5 6 540

5 7 682

5 9 434

6 7 437

6 9 230

7 8 50

8 9 200